1215893
1042166
1830257
1698369
829113
1522981
1735730
826127
443717
441272
762919
1955970
1383508
450827
1867336
627316
1499121
1991563
1070677
734344
1309725
708536
1387060
1799612
1634892
1633707
221700
665436
1068776
585609
46488
1422097
77900
635285
929145
1255373
889035
1744923
568413
1608927
1019305
1693316
764214
534884
157467
1367755
635556
984275
1085266
712699
1306242
881266
656108
55860
1007446
1756764
1365377
90673
757216
568322
454165
1035064
739221
1729574
757417
883111
381849
211811
615465
1292527
1002951
1408542
1287420
1558807
184236
52383
819071
1545017
753808
897266
680054
645248
436965
727172
1980456
1415601
127191
355982
1223751
11678
1513284
1413536
370428
1611060
1965759
196894
1754727
543855
696718
956481
1312274
778720
271278
1570707
451463
1720494
33228
445043
110907
1024275
1398475
1179284
747423
1572187
1710911
1954177
955534
1631592
1876983
1943442
46691
2608
1796591
1387256
592352
1561661
750936
1044409
786118
1828909
1148189
1502376
1646535
1101230
1544278
286199
1783426
1299082
1423443
344991
266132
1820059
257685
879222
440585
1207370
225872
1293988
1862112
821788
1923446
552742
1043216
830247
413601
1819850
1100798
1734803
1673251
1561268
1522189
502814
1932034
776410
766343
304155
1753981
452875
1794226
672620
221822
1317988
427465
1220241
243373
1190363
1727607
486545
537307
237618
930526
1594383
1547797
56076
1450385
184900
1841304
1072853
1281433
1200630
702554
1662801
1871733
1463431
702721
1389335
127761
704612
1157602
115987
636372
1822612
1379092
1072261
1167769
959155
1552724
329599
1062569
1698282
1615642
1257963
1554887
1496318
793363
1991812
127012
792391
910872
938840
865262
1746473
1943106
666447
269118
1358245
1114196
474522
801959
1303370
577992
1748427
692523
1637057
1262289
278332
1915970
838210
961995
798757
92893
1389466
1676242
937741
216410
876588
962478
1330124
758413
660332
396641
1815830
1316671
819302
824089
332781
1703468
811703
1167934
1941542
1047433
1166220
712940
1272818
1429108
576690
434803
97999
1666953
284543
1240787
1747468
1010389
1979871
881985
1544919
1115864
556759
1182251
620710
933767
1771897
346927
1819725
388427
667891
522527
354028
1228031
1361662
1106560
667774
1166196
547183
1761169
1858124
1664753
1854120
374460
1716728
793003
1716904
60327
750836
1382480
1118584
1722278
873225
613251
341438
646726
470992
1736406
717610
58565
1376954
26066
1867019
637460
682508
1473012
1235770
1049307
497247
1265325
1688109
1051765
359961
744032
1191271
966126
1290876
662502
424448
1924108
1655967
1248527
716840
1003076
268517
1278488
1335970
470083
79372
1402934
1905474
1989474
1820581
1439253
648944
900280
1666321
1900237
1902381
761740
1915911
1923822
1360137
1448151
600853
354947
711079
572614
1800219
607998
1481668
428992
941385
1434704
49711
1840344
854827
1945561
1678917
1477853
98970
1560683
1676414
1216838
1531974
424400
238309
1659596
697906
1668806
232469
1611348
1337912
1437820
375873
1363065
392322
219033
244014
1076359
773136
1093939
1176246
843012
916407
1101271
141769
166436
142490
344964
474211
1609172
14265
1141554
1128863
1800626
987874
1985098
634532
813583
1062328
373414
1501488
657397
395317
742166
450967
1548056
298787
1457890
507194
1433966
524704
364609
1342229
752023
793122
639198
221623
141800
1868658
1412573
105408
158957
96041
168526
685158
692708
385718
236479
1299570
942019
1938654
1426345
198467
1515307
773435
335484
1199944
788344
143282
1701534
156171
136125
398219
899307
402339
382776
1173202
1537578
1918266
341218
1892852
1536542
553369
1696485
1490602
1349373
1301648
747551
305156
1345773
1456653
754979
797287
1312141
511498
635833
984201
1718124
1710361
1208665
287732
971278
1284193
1474739
1388812
642030
86683
1373482
668931
1992825
1970325
452949
619231
415245
292273
823933
756476
1215998
1616867
1147680
1718923
83865
1425204
1708532
950415
1485972
489671
1587676
619742
768166
1793351
1190135
589608
271731
23036
1355665
1999464
1071119
926019
776747
1037173
128907
1004165
1981309
506611
1820516
1058245
1578610
1306464
1136402
1808793
1701800
1170699
184061
403243
1838964
334872
1046529
1110329
1212762
1707520
663022
1172242
1454100
1231245
1088136
1656734
984085
1446364
1716363
1683030
542714
1153254
188321
824904
1723804
1778159
873832
229014
707848
1427988
133883
1965045
884728
335045
442719
1155116
1927523
1644357
248849
1990046
163567
1480235
1771775
282170
1528050
192865
363923
509829
357120
802346
1843105
198425
1645912
1628571
203257
1514659
597621
643990
1260504
174309
489469
1339611
349943
1620020
1749968
613495
627067
1342973
47234
1563216
1628163
968250
476632
1083805
125853
811519
920654
467432
514383
740977
1432850
849427
583827
305862
346375
398926
1735636
1370704
796611
1330983
1153011
53745
588433
1662322
1347140
576027
289774
1341668
928659
796251
1916945
1545854
996374
203724
1855194
92568
1696900
116001
561899
180832
920575
616736
910348
1673171
1844256
1259810
636613
760389
966515
1487381
1199561
1919838
876152
650874
1459076
1894299
990246
956775
1994901
770888
1420261
1359492
95308
272524
1082256
1307283
1497396
504670
481912
276448
232836
1290376
393955
854231
111278
1097004
114825
134122
1084496
1473981
1985173
145199
912711
891265
1281322
818240
1554583
1529364
1298140
1577559
1567489
1693543
156466
1449277
851193
174012
1946157
1954638
1026084
1773612
1232055
963838
456670
1057829
350138
509392
276278
596705
925837
668130
1861996
1383287
460282
1843677
161659
1348557
1928007
631556
1245576
982689
1972132
1286188
62580
1071870
1983420
1647299
906709
1371087
1267370
502721
898796
1450820
1021440
948024
641081
1395056
1528260
1574355
1799398
381868
77162
1214276
940889
1773872
281829
337633
350246
145537
1974415
1449221
1513241
127485
1535296
111144
150064
245072
1090369
1708245
562336
519296
1209805
216998
559565
602726
557719
511825
322129
788013
779200
1512856
1073533
859474
1577061
1133270
1703250
801578
846736
120952
1534216
1592798
875329
550146
1547784
1802475
1442542
20744
674419
747418
466560
473013
1217947
362901
1160275
1175234
528770
969680
1103670
1541508
1822953
1126043
1334001
373987
1273914
1002768
355514
225365
620828
237481
1119039
815721
1898338
69286
1723678
1578814
794393
1832233
1801712
391439
498428
326046
903738
556449
883459
128714
1110524
109266
169425
1866693
434978
326422
915905
1174906
1010325
745842
1654496
527401
784811
543745
1316469
216293
399152
335850
1811828
1277591
530152
862966
937222
1952888
836486
1479544
350350
1079194
1871280
776923
1183515
1530976
911880
825112
97141
956803
212762
165830
1161110
889739
29932
1516424
913198
645850
1909239
407577
1792541
759333
1031207
759877
658300
339185
983005
244205
657941
545051
1189231
1307784
478311
957649
198563
262304
417187
648857
108215
1528405
1364657
439240
326877
1717587
1019565
306316
708791
147426
873826
1727205
285791
1699039
1139540
1875749
590560
912818
505660
1500659
1211324
944737
136066
846924
1900267
620670
1850311
1648257
237520
1330487
948186
447665
805066
1760837
584388
1502681
981035
1023228
1609921
1468481
758194
1016898
367677
698761
893729
1360016
1921117
569127
1943965
1722612
1452402
1712609
159305
914320
1094927
203600
128952
418200
194157
1297385
1126777
1144409
1042561
1107309
1953536
176555
662000
1997040
388931
503813
1305236
1770340
1491237
209385
529919
1025926
1524351
1205491
627953
1520489
149660
416463
1683043
983029
1702335
49854
916474
992743
1780125
67864
877338
976203
1535962
1239751
1350102
1190663
604953
1994951
108274
239571
408423
337832
136937
1367354
1574856
309523
34025
695581
912567
903870
579159
1513133
1182
1295482
1461574
1309044
1668449
1222184
236295
1095885
1610705
714431
365201
1920485
348089
1500099
552730
292165
1809236
1293399
1452554
431934
688599
1973418
1744379
67586
1883487
806659
1035322
712332
1839243
306746
761674
697395
1312996
1480126
605157
1546653
405359
1946641
476657
438596
307098
744777
1617164
512250
952915
1102861
296846
1755235
1353205
9116
1201787
1753715
1853008
1120713
1327884
161018
1636650
1273974
1758258
565524
811834
1912866
280719
433721
1947950
1103063
1895800
1956909
187430
1860790
990587
1076236
1173559
550520
61264
101319
314856
305122
1227251
1968033
240697
1584727
508675
1263153
1195798
1649605
180063
925282
1638118
1191345
1021714
209143
1552261
746935
682850
106496
717371
603652
1266628
428519
1462600
1944025
78563
1021543
1791333
1803533
1375901
1274383
1848121
611590
566661
1401025
718303
617286
679779
735928
1217766
1098463
24366
1840511
224216
869745
1342617
1012466
95786
1209146
1955460
516170
1957579
1502598
1533702
573067
644889
1413560
648939
1042962
59881
1440583
176942
1291022
1131780
1207608
1502470
1451779
435366
954797
490840
1886024
1969666
1088213
128190
1676810
692284
1659638
1912199
1354439
1958764
1601130
268084
1013205
684700
16542
1098624
529369
877651
558486
718288
812367
1339647
1520614
1152329
1967239
6922
1578038
315321
966183
1953364
828870
80422
622754
1973802
445545
1961548
1127366
863444
228222
215964
1894452
1753864
328327
1520951
570081
851058
1512589
1294833
1444239
342455
1119408
555481
219740
1205863
823850
1232809
398907
873485
1358531
347608
697706
258725
434902
716171
918789
1149086
904408
1088155
543094
190943
513102
493593
1813885
612545
40401
1668038
398892
114445
508430
443033
1891311
505990
1573449
1698367
1266171
1878754
61908
1242898
459751
1499979
634269
615721
214158
984790
1646493
1335622
1583536
248988
810983
209641
885846
479517
1286947
973372
537820
512851
349961
1618469
1474299
283819
1643239
811961
1704630
1977987
932125
1581506
535148
526386
58659
653377
1073867
542339
1144067
164071
807894
1277484
46551
632601
582118
1139428
1406930
1442165
44839
739023
758333
586822
1394838
218240
1325806
1043219
569354
1768458
259541
1190160
11944
1209066
673521
101927
1798125
276630
378585
1748600
1131945
1000823
128180
1193685
147839
1566311
1027270
1277892
194276
949304
1952605
1942401
371625
1387442
1685468
1948411
1018601
1925514
858817
1989073
425627
605420
1759638
1199582
1519236
865021
89215
1730475
936768
1872844
1122097
1666423
214721
255205
114166
1096115
1379014
946372
533803
391175
45933
668505
526659
1733197
349341
457355
1199040
521107
1327767
1850798
1573439
1005471
1272684
261522
769260
449123
93064
975608
471181
1561229
999460
1333013
1037553
310779
1123664
1841806
52100
934847
421746
367620
1549765
1310750
588222
1880197
698308
1845911
1676737
1478805
1661225
948949
1574747
1393839
1742636
1274811
1383742
1177149
879515
1364576
1496055
923299
138582
1873807
738011
1089074
1636692
1744455
88091
1168565
1813023
1864763
685629
1631334
324564
1549135
1743512
1875195
1745191
531617
486486
5907
1004889
1837053
1743866
44105
584902
1321063
209620
1149994
523100
1956628
1485581
977591
1141020
1731824
1016992
998881
19228
1650715
1746782
1873812
742408
391525
688875
1997615
407960
1981015
1868092
835197
1841955
952489
945567
1179588
1912717
600523
18354
1257664
1891789
1525601
1319912
1329819
69107
1872831
1065613
1832820
736288
1094256
964921
198116
471949
209718
1871451
828785
609533
143871
255929
1763608
1328338
1511413
783720
430792
794495
876657
1891798
705129
1770885
1793538
891075
781521
1710465
1417579
184128
1053134
84769
1878177
1036342
658849
544547
1897552
834528
1465083
1678816
76504
1832016
1980040
808128
1583945
1816681
223844
176322
583786
420191
553760
777591
951352
1917888
1767745
364548
1245665
1918956
1948734
291362
1738818
1563800
485124
1208226
358011
795080
57076
1509730
1585232
1703005
1523557
1803736
806465
1901824
1999131
1560464
1328642
22328
862932
1766695
1331832
1199710
1529540
552781
848702
589724
657292
217030
70820
1513584
715334
1646835
1087020
1679153
1774463
1697720
1249547
304132
1791030
733599
1673647
1750502
1087457
1380534
1218866
1075753
706793
928687
1409003
1430123
1897640
1705665
1734748
1261222
71539
591550
1022533
46760
200202
1965201
1254545
81166
1144746
1688111
1529700
1215693
276988
918820
1191956
636971
62498
1789974
961450
476741
647345
1813946
404075
1989899
977330
1306329
1042496
766398
757025
36430
1121880
1295736
1173484
1940366
337802
605861
802428
116894
1212004
264068
189992
365719
1894570
7208
1324989
311846
1712594
1102712
1758459
75151
1448200
1561266
769812
1622437
538025
288740
1744566
815185
343369
29555
1206266
888210
1942443
1385108
1547379
762108
343759
1976149
1430433
1779122
826207
1760658
661762
453614
736320
493317
1705600
362749
1089673
1472177
1276284
1638466
60164
498290
596554
619059
1438511
1864952
553397
705623
1709373
1400264
473974
1540045
688404
1124793
1064898
1717447
452435
281077
1105083
95370
1391553
1952380
330743
1944307
77926
1820707
1077254
217704
924023
1684113
1352426
16371
52574
1006018
725524
1637925
1895996
1906439
820464
1910057
950370
599166
696153
1553466
245974
142500
580892
1022638
1630037
1855045
398980
457448
430026
1174526
706376
512866
959195
1947843
29840
1104938
1616221
325981
1240451
1579363
349915
1112420
1964722
1100607
1648147
456269
1098278
959624
1191415
378838
1527132
1516190
236720
671901
858436
1314548
1124502
1683720
479429
459148
1889467
1925080
263090
1330305
727134
262564
1821278
204032
1323896
85455
121480
816973
366389
1113623
860515
357050
1226991
172301
1754135
1250228
1550395
1626768
1328834
1396792
787296
522204
1104887
1224791
738649
1716987
89399
1460917
1508819
1684557
1931642
1076620
133555
6918
1084849
911148
1955212
682156
1733174
1364598
764461
110621
1935079
702943
1547921
1239941
750597
246639
459372
1046635
1971021
1935559
746662
299047
151668
1728406
1877848
1825632
74139
1125282
1663571
1477658
972508
1237830
814740
1476520
918597
1093870
642518
639282
1329235
575901
857093
484017
1731069
1236967
1109693
1582711
1742635
1395703
1825871
1810342
667706
1580939
481605
1596089
1637501
1201651
404952
1728758
747699
595989
18424
1274883
591128
569964
199751
1092557
239834
709252
252185
927905
1792024
1065984
13437
1012504
1434599
329108
1132463
1520290
439887
1715981
1001377
853765
326476
1298627
1839227
26581
1639121
287020
1237016
205182
1197503
386253
52612
1070531
589298
10559
473734
1888562
1325492
771249
1440018
1124154
75722
1930977
283091
700432
534372
59687
1339558
233800
1285549
227310
1328161
45122
868544
1893553
1458824
1735097
305455
500101
1651159
635318
1872894
1106954
1065402
735258
1431334
1462784
708247
1164186
1552147
1288880
1481219
1569851
1900710
1644030
1416264
478043
91828
138591
1415655
1972902
73351
1154909
558737
1866274
1963607
498837
1119916
1912744
135512
578232
397652
859745
1504177
1805836
1283158
1741262
1411829
1419500
667958
521027
681652
1913542
1874858
1144166
451438
1922072
1102494
1610804
524184
1827964
1435695
70141
306330
1777176
1082544
64739
866258
1316013
1701289
988767
1932686
440202
489425
1041213
1305623
1277460
1413915
236826
74655
1100233
1261093
934637
1823192
1230002
1821002
1744379
946915
1974643
1343635
687072
554449
443198
937534
697100
395562
1048034
1698239
1982148
896113
620346
947259
433185
762510
1214777
831501
39561
1116527
1951458
139973
1484095
27877
1558865
1895202
1372118
464193
1920050
145313
639288
560577
1919688
1274342
1707292
674330
1661159
507476
1329687
339062
1059194
291324
1591817
1463536
1050110
1812261
497451
227101
1716740
1461448
1790086
382203
1522612
1221527
417278
1846407
1500487
345841
1282371
1752491
700681
1357934
433630
474443
581466
953305
555308
414391
537524
532784
1857114
1436860
178847
319017
1376239
1131541
932022
939684
1696957
1971954
795566
793283
1292916
1647865
1420876
472911
1498644
1370562
1676520
1661389
1795441
1076312
775154
94450
970543
576959
1357290
1732781
1473099
192489
1429479
467094
792470
518975
964881
840709
782901
288668
250405
1391999
806427
672981
393207
276156
278806
1023276
1023210
1447983
891207
1059673
250616
678905
598302
1928203
352946
1625711
1812329
1706462
1564473
566172
179261
329196
1463999
804931
1799948
242235
1754510
421072
748955
1563720
488966
1580526
1956864
699907
539931
89206
1911078
1291090
509132
1834615
1667537
839693
1906358
150963
748687
870526
1747976
880547
528459
1963499
1725315
1926639
729278
314500
846074
1961589
1258234
1703795
1093850
840395
1509859
47702
1952799
1675444
1147311
1815868
1764955
381998
836970
1789738
1654322
623716
564212
1005851
1402465
941372
1034496
1013878
1185970
308429
1692694
568736
1430410
500190
183059
208751
974172
764016
1500323
1254310
942004
481333
738509
224902
1159212
1822995
825446
357184
412411
453030
340511
1972726
169824
1085498
739696
1390403
1327673
1701079
1238579
1368113
419058
1549358
785547
1462723
1205393
1620652
948855
1523820
1199397
814321
762437
1627798
1551578
1392077
772120
1613084
806895
1202633
850280
1318480
993460
506525
1041027
1938679
1913874
1356729
1947015
1043271
1204991
416704
1981799
837104
213001
1682057
1707753
1876369
1857875
1511836
1967149
1140413
1326480
398907
1907486
1205760
992910
222167
235012
1243605
454183
695189
1654516
1081515
1757006
314578
1398875
1408872
1812873
1933341
1807988
621799
1632112
602808
1536858
151537
347314
508312
1970161
1283529
729747
1271529
603634
640161
118243
531850
955763
1859620
812558
965517
1912656
1948783
1069972
1423672
690888
983952
1296517
1424904
28384
1675535
589575
1872169
1534975
1751267
1000145
399487
1285841
380023
1553459
284833
1821664
1455148
658575
466519
1185933
1641177
116699
282275
1292031
404165
910364
150965
1727296
64045
293750
905076
947365
629954
127641
339325
654555
1226537
134983
1636381
1590623
898296
19549
1411797
723337
1182014
96713
1327710
86266
59003
680840
1698338
511028
1842724
1565750
170561
516359
1087137
1648888
167050
1193744
1395150
339343
172935
171469
877183
451657
1303281
1909636
79220
1720207
1748151
1089499
1051497
53335
1029370
1691968
31496
1132594
522261
1611135
1099381
476992
1812751
963760
680899
1043001
1175590
1494597
1624440
344929
1099726
715137
469397
869402
1347377
607485
1663750
1282134
1935269
1838881
1986869
982811
412088
1777967
372854
1061246
880305
803771
790040
903219
214915
521898
65882
1721845
785624
278972
922354
1637150
581906
1398526
9867
797207
1279173
816725
1724860
1415516
306737
1900661
1511577
1822850
467287
1115372
256167
1491500
1455328
1050268
198493
449299
699829
126644
544937
1511943
1239398
514112
1791338
1817062
1383363
339866
770937
998059
1568713
370800
295576
1392347
862760
1892550
1604998
572821
1806665
1285366
771577
979978
988744
127531
404621
248835
1303792
379363
141025
1530324
202438
1220210
698623
1636080
521218
1265153
247783
1823318
826765
1456520
1141265
292124
1311747
1212250
623840
1985387
1800123
1628572
1100726
165377
1439161
1972931
741472
223665
39737
1677594
1461670
870367
798377
849347
868286
1857157
1663147
1109678
1225047
1817905
358549
1307433
1757198
1741826
771573
1549769
1118202
1605170
317574
1203457
1654692
587528
834365
1592722
230537
760931
1464257
823447
460055
714676
371305
1487354
1273267
571009
491334
1069948
362297
1232224
1913500
1099694
275442
1628292
543072
185593
336544
1864748
390588
1011480
583289
1348783
9104
1602718
146724
697588
114286
141674
1295164
352634
1285406
1249974
1112407
616917
1283992
1543820
188531
696998
1815308
257999
377868
1458986
733532
35631
951057
506799
353440
1453620
1490271
703890
1066787
404797
582987
1277646
1347298
820468
737567
1538796
1548430
232931
1743252
520967
1601298
1472092
438624
675026
577414
23183
749863
1326739
59576
1570171
1283325
1900576
1298734
666478
457971
474349
1963547
1544600
1940870
661238
762859
677230
79022
281430
96570
499012
171861
1972017
1031774
76861
844241
1501001
495710
772940
1720824
108652
503285
1087429
1190284
319107
1022733
733503
1741129
714885
826700
1487923
298072
1293441
1017739
1284196
3163
539416
1361487
1573493
1931110
1983872
1962843
105166
1532676
1954565
1250719
432441
1201201
1762558
1072962
334534
1544667
1542884
231328
357352
1312871
1397944
505288
1894492
1293871
1962262
965629
1490743
5632
860715
490035
178653
1700379
1728566
1551253
234123
1261746
18322
1277185
559056
1887728
1296804
1393420
1644820
1940083
1724652
64127
11146
1433542
1680507
384079
258240
635253
1651316
315180
1733269
1593969
258837
564859
651067
1723820
883499
873808
510010
752900
200467
487033
1026547
1824465
77769
715633
1343116
1037144
1375696
536555
555539
1575383
819277
946128
648279
962943
421741
855609
911112
850805
66932
407542
1829029
1244367
400576
1612424
998912
1490331
1527102
1459238
9668
243418
1146349
1323066
856299
884994
804834
1335655
516419
904955
1440461
1741176
1925617
1715745
558693
31611
1306988
1976386
118268
1797284
60160
1260583
1743995
373863
1159759
577287
663771
1750884
1690185
395662
1869351
908531
1502646
860380
1552771
1389725
1318197
1007753
1194661
877731
1503537
1443481
1038677
988533
894833
1609484
1344494
1137082
164618
1248848
438248
1181775
349549
848974
1781447
1967297
147539
1207514
1716512
469584
1624272
385090
1966117
344055
1195603
1341129
1355798
112095
523918
1649569
66634
448999
1429017
1639282
1413160
759584
84690
235738
822320
58323
1157363
1022827
842354
174329
799879
297384
1940759
1304383
1543790
163976
435540
1169549
967005
1671676
1691384
1145587
1673943
1100897
1369704
866624
1900348
1266316
1016341
46834
1586107
64710
1738763
585274
1214293
202829
1272678
918401
1462756
384337
932443
115041
732181
445428
83244
1645095
23653
861266
1530292
1937494
1251879
218104
351842
554791
1673477
94181
1088311
187136
337272
1488394
272836
987781
1124052
203991
1035579
1011589
1883192
551970
1449299
1995912
1560478
1217217
1640160
341065
531795
755574
1414599
241716
1522163
1878392
1679874
1028976
1484787
1796855
1206816
119633
691997
90899
31936
203233
534792
1678301
1199642
783966
1000489
1586529
1693175
1568063
1834430
204700
1519028
589350
1296610
997373
993858
979566
1121411
1454185
373160
667946
1344987
1413945
706174
1191449
1598081
694074
1402997
782513
1277276
923306
1097803
1460766
765480
1557058
1701079
1055680
381301
596649
30976
1445415
959397
1021304
383818
459803
395376
1328837
725441
1926550
1306722
381712
259981
1987910
86364
1483093
1129063
1598353
169745
1318782
879901
677514
991495
1311216
1456017
647676
574618
1507067
1174198
87656
1880443
57833
1306136
816895
1240749
797303
940756
1080871
7046
1319766
1520926
286970
1700405
1584683
806968
1732427
125366
823692
953980
753945
1426528
1619337
1082587
800283
313689
1625249
1187410
127034
156828
420550
1398779
1061785
541562
1722343
790269
32262
1142805
67163
1280151
1532298
1736038
438645
1307159
736
584120
1780345
192489
1518966
60202
1805855
776193
1845614
315955
1980052
1285359
354336
1055125
1228411
892115
48407
1409137
1551462
5606
1129743
496050
1077470
1162863
1520893
201630
1355489
1102156
1429764
737870
406620
887918
1406725
283437
1399609
158557
1511560
753528
1723596
1855792
165077
1058501
186725
1624598
871903
1745403
657601
843729
1364562
1954772
1011096
915509
292876
591844
547728
169773
338592
833674
562504
529335
236759
1198208
766288
681570
679465
513490
1568045
477398
1589826
1250398
1122645
1934542
1944330
1768665
905015
1167764
1109269
694986
448819
852620
1491884
1679884
1038239
1225898
794962
469711
817473
663802
1750582
1311383
666198
1105046
1547201
1880765
126864
1971636
1909515
433768
567060
584983
259813
1339935
1673849
1631000
1391311
556207
1998797
1331750
520449
1636032
1965840
1165381
1778022
110162
880310
1198852
1551135
1675699
1255081
452499
163834
284420
722245
991533
142593
253505
1085787
1964578
794861
1346611
429358
629341
404780
956919
50040
1871825
944098
1434629
1623015
1304721
865124
1497507
676376
779064
776768
1660141
1743394
631300
1220531
253777
78990
1051323
128302
140820
984409
550072
660185
422094
1284593
1818351
401164
1137514
1785660
522342
516186
227112
184979
868663
692101
167709
91075
1275149
1035136
1398828
333578
726188
101243
362647
124322
1424872
824527
1341929
1167407
47790
1014544
1011844
355406
891897
1035655
1707046
1617936
1954905
1369519
1686230
1107325
1504374
1157042
287092
1731976
1869577
310135
1530807
320546
1141088
1113362
39456
1932074
68829
215122
667154
178933
276210
1466545
346553
544459
174766
335074
714902
154473
170925
916557
191623
773119
605087
1029517
1823411
4016
614347
578417
42136
1806490
652297
930552
641040
1184196
320969
1978204
1208895
1307700
1503753
1769481
685598
1635930
1828578
630170
1924096
935201
387199
1905635
176650
855652
585624
457835
1815344
1118964
866435
254188
996414
1753753
901540
1633748
1371606
1895687
890102
560969
1898476
668269
913796
584478
463685
1577192
1872884
1975775
1376252
1648787
1107446
1120971
1737221
1670002
1320921
715602
1892255
1600644
1959161
153504
307427
598201
470085
1024010
1905854
1443955
1313859
42531
337774
248206
1128720
1374633
1603721
576341
928217
18839
1350005
286987
480986
1426324
1469419
127840
665201
913667
1887358
1690497
820354
703731
832147
289926
486541
1312044
862046
99974
1420322
1732777
1720428
756225
1491433
1755543
1940255
1038449
1505049
808025
448167
1171266
1187966
1624070
1498892
1401941
1860864
1885546
1036844
239359
958225
1773826
219956
1970313
1077177
915970
1483050
1611950
765718
273615
1490020
966686
343263
366085
66318
689154
1007699
636784
743081
436206
1436620
204054
778759
1428083
881085
276525
1430607
1806988
1705506
659486
31868
188594
844436
1425161
1240675
70092
478141
1928385
238371
617910
1897558
434505
1341235
817476
1479223
1160033
1856480
924854
1712065
1312371
1374410
352713
725871
426020
441062
1159589
981711
1026762
68088
1812206
149635
1936115
113568
104377
345919
1720279
773451
1976458
227404
455916
1857467
1267300
1262221
915290
1409162
1440565
1678572
1328762
632868
1904607
650868
532317
375622
699580
667839
1082560
560393
752924
1282935
56865
1992270
367036
87391
507685
866773
1436624
1924428
1389741
1654698
1238788
906922
226250
1405111
584436
1841143
199749
336941
362031
1910465
1403031
1075608
711737
599342
1372269
315485
1912844
834298
1559855
868522
1811477
1433075
543084
1537292
1820084
68344
1823607
1240667
357311
400640
598345
776901
357242
1484310
268436
128976
1589544
706004
155845
1899863
25589
1546097
147054
796159
1729031
727852
144356
1188298
695545
567013
828329
66576
1473234
354052
391153
1594866
747801
1131537
1065641
23537
1608894
1909530
145133
1102936
174250
1226063
1008784
177102
1971646
1824363
191005
1968074
844998
514623
1609672
264727
70664
552112
17157
1880914
861887
1245501
1827700
1668085
1372819
1728621
419053
1062338
1165222
1119717
1651704
1928536
1323536
466776
1764951
1487652
40534
1418004
370171
599276
634104
1901429
1920266
570823
129123
1200872
557537
152479
559743
1050362
1606410
1250741
694304
1394753
953551
747420
1639703
1164008
1641375
228796
1936419
997046
56361
453968
1584119
146172
1648585
1012331
559423
696742
1089941
777068
687636
1832882
1641681
539020
1454474
1888689
748280
1775320
1741988
228041
1882425
1978287
1336668
1338546
1795190
299205
1213084
1933883
1001160
1837599
1468870
1745093
503926
616220
530865
227783
162563
355306
1301920
1286471
1466397
1974284
1610327
1964903
684333
922332
1910398
1174998
305230
887043
477760
620509
1407950
1194242
536884
823505
236719
568492
421862
658337
1105193
792619
411352
98769
1468836
1293686
1569532
22517
1114562
642787
1034687
1748661
160340
1087119
756985
63312
1171170
1115381
1413116
1093018
1147173
704865
275854
406773
1761931
1815662
1621864
1286877
645814
1861145
848565
725727
472192
704417
158997
89498
1917811
279845
896287
405833
1727946
1270419
1886041
1866032
425212
841779
937409
1155377
46895
791191
140230
879162
1912121
218925
467280
1428562
64814
1558583
789175
1800727
1360334
1423045
1262148
358190
1653648
243646
969404
1101280
1163039
307042
189521
60545
1587034
433983
1188397
745081
1490387
1930167
1474794
851781
1291729
609152
295709
678006
99661
439852
1120838
820406
1180281
1954069
336736
1921469
687796
1603312
1096409
1451734
1227286
1170887
853263
1028324
1620714
550515
716502
624990
1062577
107554
29820
281804
78744
887389
300345
1770189
1367562
1632119
1355068
1694738
216736
584349
1504303
381536
1527978
909902
1765159
1248529
581288
413406
899120
288914
1205333
1075575
141389
1749350
1376791
1103123
476145
1452195
642575
384894
1678214
1780590
1469838
1514851
1528041
1373580
1046172
1387186
19689
481867
1534452
1740989
1712585
1951244
965125
1981344
360263
1626706
1155311
141263
1228682
1797155
1609739
954898
120630
866980
102113
159236
821983
1208971
972211
1875862
583821
1870879
1533811
372235
1934781
910144
273604
1929979
1076446
1608030
1848326
277841
547161
1100929
1952069
547274
746368
1155777
1074243
295935
1554215
777802
1429495
1567188
953739
665697
396170
678790
1088607
1151449
1733726
1400615
352461
675100
245511
1684245
84211
1702569
1547460
1389067
1868385
395665
1555222
1253523
1595163
960376
1950253
630030
1083289
1040027
1486436
1901616
897480
680775
1515995
1330946
1798922
1269465
153172
283740
698290
1175114
1104595
1098606
166283
1078182
1071241
1348927
421326
473479
1297628
1513892
1670702
171552
962664
1439304
723278
687799
202235
1522476
1005130
114213
1830936
762404
1954989
317271
252916
1259992
1311476
1214159
1193212
503873
303769
639397
1088333
1541040
306050
640766
1195451
360779
781835
1379995
681803
1670151
677767
1324620
1980216
919471
542392
1485435
1482480
156900
1431769
78619
1255193
1370777
387091
118076
1869830
1378838
83466
23426
1439044
927993
476626
1901344
1554446
258092
1153653
156130
456540
171896
35821
1790117
515280
904051
1699242
1269079
1748934
695175
417810
1716739
1459150
183028
1860480
475966
1003562
688719
1456446
1362616
563024
1141503
890637
1362867
1867370
64192
202913
689284
85592
465824
1826
210580
1762861
1794951
1015345
1604706
582828
519462
892377
920446
12628
1062798
1515683
1438350
961236
1820572
889988
573647
1449482
1539847
669932
1019016
358161
363217
1517625
1440
1201969
1105499
1120576
1054733
1435753
1077071
834636
1158613
741100
1615286
674456
648341
1019424
1625828
1843666
76931
1132834
1341704
1264164
1968227
824001
1453600
1832227
1889676
1705979
710654
96989
325999
714761
90188
357712
514701
1381334
142981
662260
327801
1959169
781175
1391920
1166945
1766747
944838
762083
703870
269292
1068140
1719384
1509925
1911025
965172
916187
933946
607058
1032125
1752735
1362359
1305017
153336
429777
149290
1872503
113072
1048724
1795252
768154
1415041
1580157
1487372
486750
1800150
498832
706043
834490
415992
1138640
59869
1688657
589310
1027115
796324
1218044
1724496
1428866
1324502
1956172
117425
696883
458000
1422471
374450
785161
1177978
1102879
222271
1360194
1305051
67902
167693
572439
632836
304069
288561
875565
1175905
1203143
888333
1030688
257774
1250058
1341912
1119110
1892673
332679
147359
1608030
87675
1837679
832702
83108
1889620
1844900
154094
248515
764577
310202
1335860
345629
1840572
120064
223981
1618821
1936033
1576819
1638724
1623491
881237
913221
1456961
1962006
1090297
1628763
1436090
535597
1549242
1989330
519901
1536686
1567328
1514744
293926
576305
273736
1743568
516333
257472
1506909
865040
173140
1746017
1530396
1300387
1491419
1828997
531234
1714343
1396944
1616660
879254
751984
1973719
557293
832181
161794
902249
1991777
237009
200221
1650638
6961
1846094
1069225
142249
1899288
1234601
1288397
899306
1629379
1702636
885085
1931615
625745
18619
1632229
1015069
1294553
1016139
442274
52375
700512
1929060
1254667
1310223
1793384
722280
1777730
853406
139356
176196
852133
1310766
791974
1339265
959680
1622018
1157146
1544630
1840215
1642027
1330567
1283985
388703
1476881
1488684
1946071
966788
870510
486465
727385
486183
469588
1403499
528768
349399
1428134
1286599
1776080
243163
964252
1200742
1812310
110380
481730
1234383
1850040
157694
1302519
1165048
810416
982960
1638124
1118287
984845
59482
405165
5299
1650093
512708
1798674
1656058
954123
1225969
1128397
1619436
315819
678544
354785
223817
751406
1608841
953637
1116090
164805
302965
573510
132715
777909
993316
1770435
517873
1162200
199578
306286
1859035
661021
1948813
1913072
939429
129411
1271013
647878
1716169
1500961
1961282
138175
900908
1914784
858105
1540861
100780
1215680
1005198
1808886
726554
1950288
4412
1861498
1042491
363190
1036659
1096872
41924
358124
616787
1760371
1457897
1875584
1789493
1212958
1359043
260245
408099
1426893
1125737
483294
16858
928617
1592550
1494308
217297
1286968
1071412
485833
604842
1588434
372292
382137
1403587
319264
351869
1575294
1230758
686439
1511732
1859248
1066523
1361591
856760
866301
214676
1886326
883147
1244836
1043521
230627
189214
504702
393468
715020
1706202
229367
574296
1912021
1202463
754052
1901726
1162486
1657467
1842752
773063
1604473
1164531
906315
354946
358720
748929
646366
1183538
208765
1512718
549197
424301
1979063
1539710
409331
106622
940364
1490213
707014
1487715
1803497
374348
1570773
1622990
401812
1404590
740280
1026472
662819
564604
1068707
484109
1309891
22492
1677533
772165
1877233
659174
1745981
1146712
337668
1716390
67761
1985789
674976
528925
1005116
1607963
1436868
838081
692978
1324755
441793
1372407
1929471
1930740
93749
1072543
1334303
1738125
1543579
507016
404772
828881
1531068
207225
316658
1081649
1252925
912807
1399943
1293007
694924
586689
1116651
1082243
972789
1499366
653890
45012
1882385
21678
1929156
1532807
1673550
186655
462392
1037707
939893
630708
1633789
1190407
580121
155744
1505411
682578
1437481
1815304
1213391
709633
920288
400004
303998
178898
1821014
69025
138042
698686
1843312
1762205
1469128
189936
1646316
206894
1152251
1321156
836313
693120
1436606
970959
609943
591533
200846
1374422
1544290
1008324
1039741
1711188
618181
1772107
1447601
947579
1524510
1493180
1162978
841510
275104
1315586
1227102
353909
390102
1247230
1213707
1913515
1711130
435716
419159
1774792
605082
938078
466128
1631234
368731
617417
1420182
1401278
1523381
568562
974806
517270
1005778
1391106
1259351
1928411
679349
1985806
314868
1441803
801709
101799
583064
1966561
588388
102601
1872328
1587395
376025
376556
898840
1446868
1137493
464118
1196210
1019622
564736
1095495
1533651
1395711
1177168
431661
1633356
1560281
1640339
1674986
129922
246497
1008997
903868
1031282
747708
1402683
886478
127273
874434
798558
101825
31172
1293565
1081065
241574
406014
202409
797258
345355
252704
1075256
893126
715880
285829
1360469
1704053
1143857
1591582
1557080
1175107
1587528
800885
1482961
651245
1797511
494367
1489919
1954827
1581114
1372492
1315037
1086847
1857954
1391806
1775637
1529096
1151477
742090
1065475
1586742
964442
1344602
287546
727663
1530093
507627
553603
1352803
607681
220559
984023
189477
1871064
904170
276581
1815697
166957
1613624
361360
569307
1093673
459207
928495
1255178
681520
1405558
164683
1189757
1569174
1745213
775459
321374
1858469
664355
1148330
1638454
980247
1310921
803784
970458
425244
1067612
1961110
211062
605786
1432103
1300067
443530
303212
519168
660401
987243
810459
1704790
1656374
1710911
245674
1205674
1446880
741502
1148237
114834
1117900
709374
1750698
1637560
313163
174817
506529
1024985
1436645
1030427
950659
1946822
335828
1316091
707088
883816
1978118
707232
968710
829492
1068321
357374
1427345
1025339
1924470
914906
1025870
954268
1607575
157396
1486676
945422
964412
1107929
1945515
1610715
439002
62890
1125456
1169121
73753
794852
84277
1738638
83665
1864049
903098
1284335
816531
925070
114111
1726484
678046
1082579
1980681
968501
1927150
636835
1448668
1127307
647979
663483
1786094
1969263
1021747
1824938
1909223
280779
1829144
1374040
422883
611101
1042595
695544
1743344
931316
613964
614425
846488
716537
1603909
1544471
748241
1706853
91758
1048486
1194885
651650
261084
181201
1749657
443319
1278303
1340914
1925599
835444
453488
1522359
83230
1801160
1885383
271526
714008
1088847
1724613
1947284
1172600
1133110
13833
781488
1444840
889290
1420638
1703671
1203965
1108064
1227594
117181
1996997
1441894
1725955
1962794
671294
1533918
1352690
1469883
1539167
1607392
80054
1165116
1079312
1727634
1138466
1662548
552753
146868
1416126
608635
1996684
1999254
739524
1765497
488813
251168
193441
1535216
1720709
1343433
802808
806740
1511431
1148961
605344
1150956
1968015
552390
111396
680789
834868
558192
614852
679162
1845631
1640682
249329
1395877
244588
716433
192721
613480
1981677
96980
278591
691122
1695074
1944123
187977
1374789
965033
1042527
1624117
1105069
796555
286958
787573
1055704
1358794
1229737
99382
978046
959645
413415
184409
1482162
1574569
607759
686698
528343
68490
829985
221113
282785
669271
1577774
1423030
720414
1491085
531677
210585
581040
162214
639074
1554494
1992839
1552020
1947155
661056
1928620
1614003
1901514
1859432
113276
1334873
335747
1146291
1657893
123469
191170
1983063
1908008
1142607
750376
1205303
1872483
1458442
1427942
349681
1944061
1803304
272704
453712
31863
1231299
1158549
1319897
512035
306272
314443
718787
28842
89734
1243752
497912
190856
1701030
1847682
256406
1068687
504236
1524801
1895921
1022429
227954
1972706
1247500
1699692
788684
591803
573225
210698
325626
1529517
181295
624084
334902
1191602
1025090
707134
1574830
1187289
839228
1973010
331012
652613
698023
721001
740681
299816
708929
980787
1951240
1805647
1474425
1032754
12348
33428
614395
978049
1966934
836717
314014
665355
660415
525276
1286771
351500
1432521
198012
1509436
504349
564162
1847036
1505262
55970
1926252
1660189
900023
1545432
704894
1244467
1016177
464207
1763742
854184
508082
1040232
1463144
1897722
1179841
656478
1507438
1294525
1032853
1931579
266805
1104914
233184
91998
1575603
1094582
150148
907517
911704
290423
1601430
411420
1724931
1601587
1798116
1374106
617991
420322
466793
861476
1922864
122255
11611
931009
1594809
317654
1740189
705476
638545
1777513
1380555
231644
